0.5 0.038461538461538464 0.038461538461538464 0.4230769230769231 
0.25 0.4772727272727273 0.06818181818181818 0.20454545454545456 
0.045454545454545456 0.3181818181818182 0.22727272727272727 0.4090909090909091 
0.15625 0.34375 0.46875 0.03125 
0.6071428571428571 0.10714285714285714 0.25 0.03571428571428571 
0.2826086956521739 0.06521739130434782 0.5 0.15217391304347827 
0.40625 0.21875 0.03125 0.34375 
0.21875 0.15625 0.34375 0.28125 
0.08333333333333333 0.4722222222222222 0.1388888888888889 0.3055555555555556 
0.10714285714285714 0.17857142857142858 0.03571428571428571 0.6785714285714286 
0.2875 0.4125 0.0625 0.2375 
0.16666666666666666 0.2777777777777778 0.5 0.05555555555555555 
0.5 0.3 0.1 0.1 
0.625 0.125 0.125 0.125 
0.05 0.15 0.45 0.35 
0.2647058823529412 0.14705882352941177 0.5 0.08823529411764706 
0.014705882352941176 0.1323529411764706 0.3088235294117647 0.5441176470588235 
0.011363636363636364 0.5340909090909091 0.375 0.07954545454545454 
0.4772727272727273 0.20454545454545456 0.06818181818181818 0.25 
0.125 0.041666666666666664 0.7083333333333334 0.125 
0.17857142857142858 0.6785714285714286 0.03571428571428571 0.10714285714285714 
0.038461538461538464 0.2692307692307692 0.19230769230769232 0.5 
0.03571428571428571 0.32142857142857145 0.03571428571428571 0.6071428571428571 
0.0625 0.1875 0.0625 0.6875 
0.375 0.375 0.20833333333333334 0.041666666666666664 
0.375 0.025 0.575 0.025 
0.125 0.375 0.4583333333333333 0.041666666666666664 
0.21428571428571427 0.21428571428571427 0.35714285714285715 0.21428571428571427 
0.15 0.05 0.05 0.75 
0.1 0.1 0.03333333333333333 0.7666666666666667 
0.1388888888888889 0.6388888888888888 0.027777777777777776 0.19444444444444445 
0.08333333333333333 0.08333333333333333 0.25 0.5833333333333334 
0.16666666666666666 0.16666666666666666 0.5 0.16666666666666666 
0.18421052631578946 0.34210526315789475 0.13157894736842105 0.34210526315789475 
0.16666666666666666 0.16666666666666666 0.16666666666666666 0.5 
0.4852941176470588 0.19117647058823528 0.04411764705882353 0.27941176470588236 
0.125 0.041666666666666664 0.7916666666666666 0.041666666666666664 
0.75 0.08333333333333333 0.08333333333333333 0.08333333333333333 
0.1 0.16666666666666666 0.03333333333333333 0.7 
0.375 0.17045454545454544 0.125 0.32954545454545453 
0.16666666666666666 0.16666666666666666 0.5 0.16666666666666666 
0.16666666666666666 0.2619047619047619 0.2619047619047619 0.30952380952380953 
0.08333333333333333 0.08333333333333333 0.75 0.08333333333333333 
0.2692307692307692 0.038461538461538464 0.4230769230769231 0.2692307692307692 
0.041666666666666664 0.041666666666666664 0.7916666666666666 0.125 
0.3181818181818182 0.22727272727272727 0.4090909090909091 0.045454545454545456 
0.15 0.25 0.15 0.45 
0.08333333333333333 0.75 0.08333333333333333 0.08333333333333333 
0.4411764705882353 0.20588235294117646 0.20588235294117646 0.14705882352941177 
0.175 0.175 0.075 0.575 
