0.037037037037037035 0.4074074074074074 0.037037037037037035 0.48148148148148145 0.037037037037037035 
0.24444444444444444 0.28888888888888886 0.24444444444444444 0.022222222222222223 0.2 
0.21739130434782608 0.30434782608695654 0.043478260869565216 0.391304347826087 0.043478260869565216 
0.3939393939393939 0.030303030303030304 0.030303030303030304 0.5151515151515151 0.030303030303030304 
0.034482758620689655 0.1724137931034483 0.10344827586206896 0.034482758620689655 0.6551724137931034 
0.3191489361702128 0.14893617021276595 0.06382978723404255 0.3617021276595745 0.10638297872340426 
0.09090909090909091 0.09090909090909091 0.09090909090909091 0.5151515151515151 0.21212121212121213 
0.030303030303030304 0.2727272727272727 0.2727272727272727 0.030303030303030304 0.3939393939393939 
0.02702702702702703 0.08108108108108109 0.13513513513513514 0.40540540540540543 0.35135135135135137 
0.2413793103448276 0.3793103448275862 0.034482758620689655 0.10344827586206896 0.2413793103448276 
0.4567901234567901 0.35802469135802467 0.1111111111111111 0.06172839506172839 0.012345679012345678 
0.15789473684210525 0.6842105263157895 0.05263157894736842 0.05263157894736842 0.05263157894736842 
0.09090909090909091 0.2727272727272727 0.09090909090909091 0.09090909090909091 0.45454545454545453 
0.1111111111111111 0.3333333333333333 0.1111111111111111 0.3333333333333333 0.1111111111111111 
0.047619047619047616 0.047619047619047616 0.5238095238095238 0.14285714285714285 0.23809523809523808 
0.2 0.3142857142857143 0.02857142857142857 0.42857142857142855 0.02857142857142857 
0.7101449275362319 0.014492753623188406 0.014492753623188406 0.2463768115942029 0.014492753623188406 
0.39325842696629215 0.2808988764044944 0.19101123595505617 0.011235955056179775 0.12359550561797752 
0.15555555555555556 0.022222222222222223 0.24444444444444444 0.022222222222222223 0.5555555555555556 
0.52 0.04 0.04 0.04 0.36 
0.5862068965517241 0.10344827586206896 0.10344827586206896 0.034482758620689655 0.1724137931034483 
0.3333333333333333 0.1111111111111111 0.18518518518518517 0.18518518518518517 0.18518518518518517 
0.10344827586206896 0.1724137931034483 0.10344827586206896 0.034482758620689655 0.5862068965517241 
0.058823529411764705 0.058823529411764705 0.7647058823529411 0.058823529411764705 0.058823529411764705 
0.52 0.04 0.12 0.2 0.12 
0.024390243902439025 0.3170731707317073 0.024390243902439025 0.12195121951219512 0.5121951219512195 
0.04 0.36 0.2 0.36 0.04 
0.06666666666666667 0.7333333333333333 0.06666666666666667 0.06666666666666667 0.06666666666666667 
0.23809523809523808 0.14285714285714285 0.42857142857142855 0.14285714285714285 0.047619047619047616 
0.41935483870967744 0.03225806451612903 0.16129032258064516 0.22580645161290322 0.16129032258064516 
0.02702702702702703 0.08108108108108109 0.1891891891891892 0.5135135135135135 0.1891891891891892 
0.07692307692307693 0.07692307692307693 0.07692307692307693 0.23076923076923078 0.5384615384615384 
0.06666666666666667 0.15555555555555556 0.37777777777777777 0.3333333333333333 0.06666666666666667 
0.02564102564102564 0.7435897435897436 0.02564102564102564 0.1794871794871795 0.02564102564102564 
0.14285714285714285 0.14285714285714285 0.42857142857142855 0.14285714285714285 0.14285714285714285 
0.2463768115942029 0.10144927536231885 0.13043478260869565 0.42028985507246375 0.10144927536231885 
0.04 0.04 0.12 0.28 0.52 
0.23076923076923078 0.07692307692307693 0.07692307692307693 0.23076923076923078 0.38461538461538464 
0.8064516129032258 0.03225806451612903 0.03225806451612903 0.03225806451612903 0.0967741935483871 
0.16853932584269662 0.3258426966292135 0.19101123595505617 0.011235955056179775 0.30337078651685395 
0.2765957446808511 0.14893617021276595 0.19148936170212766 0.19148936170212766 0.19148936170212766 
0.4883720930232558 0.11627906976744186 0.16279069767441862 0.06976744186046512 0.16279069767441862 
0.07692307692307693 0.07692307692307693 0.38461538461538464 0.38461538461538464 0.07692307692307693 
0.037037037037037035 0.25925925925925924 0.18518518518518517 0.037037037037037035 0.48148148148148145 
0.12 0.12 0.52 0.04 0.2 
0.4782608695652174 0.043478260869565216 0.30434782608695654 0.13043478260869565 0.043478260869565216 
0.14285714285714285 0.23809523809523808 0.5238095238095238 0.047619047619047616 0.047619047619047616 
0.07692307692307693 0.5384615384615384 0.23076923076923078 0.07692307692307693 0.07692307692307693 
0.02857142857142857 0.14285714285714285 0.14285714285714285 0.02857142857142857 0.6571428571428571 
0.2682926829268293 0.07317073170731707 0.024390243902439025 0.07317073170731707 0.5609756097560976 
0.4666666666666667 0.2 0.06666666666666667 0.06666666666666667 0.2 
0.18840579710144928 0.6521739130434783 0.10144927536231885 0.043478260869565216 0.014492753623188406 
0.047619047619047616 0.23809523809523808 0.23809523809523808 0.42857142857142855 0.047619047619047616 
0.23404255319148937 0.40425531914893614 0.02127659574468085 0.02127659574468085 0.3191489361702128 
0.3684210526315789 0.05263157894736842 0.15789473684210525 0.3684210526315789 0.05263157894736842 
0.17647058823529413 0.4117647058823529 0.058823529411764705 0.058823529411764705 0.29411764705882354 
0.14285714285714285 0.3333333333333333 0.047619047619047616 0.23809523809523808 0.23809523809523808 
0.28888888888888886 0.2 0.24444444444444444 0.24444444444444444 0.022222222222222223 
0.2631578947368421 0.05263157894736842 0.47368421052631576 0.15789473684210525 0.05263157894736842 
0.12195121951219512 0.4634146341463415 0.36585365853658536 0.024390243902439025 0.024390243902439025 
0.36 0.36 0.2 0.04 0.04 
0.2727272727272727 0.14285714285714285 0.45454545454545453 0.012987012987012988 0.11688311688311688 
0.058823529411764705 0.058823529411764705 0.5294117647058824 0.058823529411764705 0.29411764705882354 
0.5652173913043478 0.043478260869565216 0.043478260869565216 0.30434782608695654 0.043478260869565216 
0.06666666666666667 0.4666666666666667 0.06666666666666667 0.06666666666666667 0.3333333333333333 
0.14285714285714285 0.2571428571428571 0.42857142857142855 0.02857142857142857 0.14285714285714285 
0.043478260869565216 0.21739130434782608 0.30434782608695654 0.391304347826087 0.043478260869565216 
0.29411764705882354 0.4117647058823529 0.058823529411764705 0.17647058823529413 0.058823529411764705 
0.0196078431372549 0.058823529411764705 0.13725490196078433 0.17647058823529413 0.6078431372549019 
0.6097560975609756 0.024390243902439025 0.024390243902439025 0.17073170731707318 0.17073170731707318 
0.047619047619047616 0.5238095238095238 0.14285714285714285 0.23809523809523808 0.047619047619047616 
0.16129032258064516 0.22580645161290322 0.4838709677419355 0.0967741935483871 0.03225806451612903 
0.10638297872340426 0.2765957446808511 0.3191489361702128 0.02127659574468085 0.2765957446808511 
0.23076923076923078 0.07692307692307693 0.23076923076923078 0.23076923076923078 0.23076923076923078 
0.07692307692307693 0.07692307692307693 0.38461538461538464 0.23076923076923078 0.23076923076923078 
0.7454545454545455 0.05454545454545454 0.01818181818181818 0.01818181818181818 0.16363636363636364 
0.10344827586206896 0.1724137931034483 0.034482758620689655 0.6551724137931034 0.034482758620689655 
0.3333333333333333 0.3333333333333333 0.1111111111111111 0.1111111111111111 0.1111111111111111 
0.28888888888888886 0.022222222222222223 0.022222222222222223 0.4222222222222222 0.24444444444444444 
0.1111111111111111 0.037037037037037035 0.037037037037037035 0.3333333333333333 0.48148148148148145 
0.03225806451612903 0.16129032258064516 0.6129032258064516 0.0967741935483871 0.0967741935483871 
0.043478260869565216 0.13043478260869565 0.391304347826087 0.13043478260869565 0.30434782608695654 
0.07246376811594203 0.36231884057971014 0.07246376811594203 0.13043478260869565 0.36231884057971014 
0.16417910447761194 0.582089552238806 0.014925373134328358 0.1044776119402985 0.13432835820895522 
0.043478260869565216 0.8260869565217391 0.043478260869565216 0.043478260869565216 0.043478260869565216 
0.5238095238095238 0.14285714285714285 0.047619047619047616 0.047619047619047616 0.23809523809523808 
0.34328358208955223 0.014925373134328358 0.373134328358209 0.07462686567164178 0.19402985074626866 
0.6216216216216216 0.08108108108108109 0.1891891891891892 0.08108108108108109 0.02702702702702703 
0.0379746835443038 0.16455696202531644 0.5189873417721519 0.26582278481012656 0.012658227848101266 
0.06666666666666667 0.6 0.06666666666666667 0.06666666666666667 0.2 
0.18518518518518517 0.037037037037037035 0.1111111111111111 0.48148148148148145 0.18518518518518517 
0.014925373134328358 0.582089552238806 0.22388059701492538 0.1044776119402985 0.07462686567164178 
0.16981132075471697 0.018867924528301886 0.09433962264150944 0.018867924528301886 0.6981132075471698 
0.35135135135135137 0.13513513513513514 0.02702702702702703 0.02702702702702703 0.4594594594594595 
0.1111111111111111 0.1111111111111111 0.5555555555555556 0.1111111111111111 0.1111111111111111 
0.037037037037037035 0.1111111111111111 0.037037037037037035 0.18518518518518517 0.6296296296296297 
0.047619047619047616 0.23809523809523808 0.047619047619047616 0.23809523809523808 0.42857142857142855 
0.48148148148148145 0.037037037037037035 0.3333333333333333 0.1111111111111111 0.037037037037037035 
0.043478260869565216 0.6521739130434783 0.043478260869565216 0.13043478260869565 0.13043478260869565 
0.06976744186046512 0.16279069767441862 0.3023255813953488 0.023255813953488372 0.4418604651162791 
0.04 0.52 0.28 0.12 0.04 
0.3333333333333333 0.047619047619047616 0.42857142857142855 0.14285714285714285 0.047619047619047616 
0.12 0.04 0.68 0.04 0.12 
0.11475409836065574 0.01639344262295082 0.3770491803278688 0.18032786885245902 0.3114754098360656 
0.13725490196078433 0.058823529411764705 0.37254901960784315 0.3333333333333333 0.09803921568627451 
0.058823529411764705 0.4117647058823529 0.29411764705882354 0.058823529411764705 0.17647058823529413 
0.15555555555555556 0.06666666666666667 0.6 0.06666666666666667 0.1111111111111111 
0.06666666666666667 0.1111111111111111 0.37777777777777777 0.24444444444444444 0.2 
0.5652173913043478 0.043478260869565216 0.043478260869565216 0.13043478260869565 0.21739130434782608 
0.5428571428571428 0.08571428571428572 0.02857142857142857 0.02857142857142857 0.3142857142857143 
0.13513513513513514 0.02702702702702703 0.5135135135135135 0.02702702702702703 0.2972972972972973 
0.043478260869565216 0.30434782608695654 0.30434782608695654 0.13043478260869565 0.21739130434782608 
0.07692307692307693 0.07692307692307693 0.07692307692307693 0.5384615384615384 0.23076923076923078 
0.14285714285714285 0.047619047619047616 0.3333333333333333 0.047619047619047616 0.42857142857142855 
0.14285714285714285 0.14285714285714285 0.42857142857142855 0.14285714285714285 0.14285714285714285 
0.023255813953488372 0.3488372093023256 0.023255813953488372 0.11627906976744186 0.4883720930232558 
0.02040816326530612 0.02040816326530612 0.22448979591836735 0.02040816326530612 0.7142857142857143 
0.043478260869565216 0.13043478260869565 0.30434782608695654 0.4782608695652174 0.043478260869565216 
0.14285714285714285 0.2571428571428571 0.08571428571428572 0.08571428571428572 0.42857142857142855 
0.047619047619047616 0.8095238095238095 0.047619047619047616 0.047619047619047616 0.047619047619047616 
0.02857142857142857 0.2 0.3142857142857143 0.02857142857142857 0.42857142857142855 
0.23809523809523808 0.047619047619047616 0.23809523809523808 0.14285714285714285 0.3333333333333333 
0.14285714285714285 0.14285714285714285 0.42857142857142855 0.14285714285714285 0.14285714285714285 
0.023255813953488372 0.3488372093023256 0.06976744186046512 0.023255813953488372 0.5348837209302325 
0.1111111111111111 0.1111111111111111 0.1111111111111111 0.1111111111111111 0.5555555555555556 
0.14285714285714285 0.14285714285714285 0.42857142857142855 0.14285714285714285 0.14285714285714285 
0.018867924528301886 0.3584905660377358 0.09433962264150944 0.20754716981132076 0.32075471698113206 
0.22448979591836735 0.061224489795918366 0.46938775510204084 0.22448979591836735 0.02040816326530612 
0.06666666666666667 0.022222222222222223 0.37777777777777777 0.28888888888888886 0.24444444444444444 
0.7948717948717948 0.07692307692307693 0.07692307692307693 0.02564102564102564 0.02564102564102564 
0.3333333333333333 0.3333333333333333 0.1794871794871795 0.02564102564102564 0.1282051282051282 
0.08108108108108109 0.13513513513513514 0.35135135135135137 0.40540540540540543 0.02702702702702703 
0.5111111111111111 0.022222222222222223 0.06666666666666667 0.06666666666666667 0.3333333333333333 
0.10344827586206896 0.3103448275862069 0.2413793103448276 0.034482758620689655 0.3103448275862069 
0.2972972972972973 0.08108108108108109 0.08108108108108109 0.5135135135135135 0.02702702702702703 
0.15555555555555556 0.022222222222222223 0.15555555555555556 0.37777777777777777 0.28888888888888886 
0.48148148148148145 0.3333333333333333 0.1111111111111111 0.037037037037037035 0.037037037037037035 
0.4074074074074074 0.037037037037037035 0.4074074074074074 0.037037037037037035 0.1111111111111111 
0.3793103448275862 0.10344827586206896 0.2413793103448276 0.2413793103448276 0.034482758620689655 
0.3103448275862069 0.034482758620689655 0.4482758620689655 0.034482758620689655 0.1724137931034483 
0.6 0.06666666666666667 0.06666666666666667 0.2 0.06666666666666667 
0.06666666666666667 0.06666666666666667 0.06666666666666667 0.06666666666666667 0.7333333333333333 
0.23076923076923078 0.07692307692307693 0.07692307692307693 0.5384615384615384 0.07692307692307693 
0.04 0.36 0.2 0.28 0.12 
0.10344827586206896 0.2413793103448276 0.3103448275862069 0.10344827586206896 0.2413793103448276 
0.14285714285714285 0.14285714285714285 0.14285714285714285 0.42857142857142855 0.14285714285714285 
0.45454545454545453 0.09090909090909091 0.09090909090909091 0.09090909090909091 0.2727272727272727 
0.14285714285714285 0.14285714285714285 0.42857142857142855 0.14285714285714285 0.14285714285714285 
0.0967741935483871 0.03225806451612903 0.41935483870967744 0.3548387096774194 0.0967741935483871 
0.06666666666666667 0.06666666666666667 0.6 0.06666666666666667 0.2 
0.3333333333333333 0.5151515151515151 0.09090909090909091 0.030303030303030304 0.030303030303030304 
0.2542372881355932 0.15254237288135594 0.3898305084745763 0.11864406779661017 0.0847457627118644 
0.058823529411764705 0.29411764705882354 0.4117647058823529 0.21568627450980393 0.0196078431372549 
0.48717948717948717 0.1794871794871795 0.02564102564102564 0.02564102564102564 0.28205128205128205 
0.5294117647058824 0.058823529411764705 0.058823529411764705 0.058823529411764705 0.29411764705882354 
0.5294117647058824 0.058823529411764705 0.17647058823529413 0.058823529411764705 0.17647058823529413 
0.14285714285714285 0.14285714285714285 0.42857142857142855 0.14285714285714285 0.14285714285714285 
0.043478260869565216 0.30434782608695654 0.21739130434782608 0.391304347826087 0.043478260869565216 
0.047619047619047616 0.23809523809523808 0.6190476190476191 0.047619047619047616 0.047619047619047616 
0.1891891891891892 0.02702702702702703 0.08108108108108109 0.4594594594594595 0.24324324324324326 
0.043478260869565216 0.13043478260869565 0.21739130434782608 0.043478260869565216 0.5652173913043478 
0.7575757575757576 0.030303030303030304 0.030303030303030304 0.030303030303030304 0.15151515151515152 
0.16279069767441862 0.06976744186046512 0.5813953488372093 0.16279069767441862 0.023255813953488372 
0.14285714285714285 0.14285714285714285 0.14285714285714285 0.42857142857142855 0.14285714285714285 
0.034482758620689655 0.5172413793103449 0.3793103448275862 0.034482758620689655 0.034482758620689655 
0.28888888888888886 0.06666666666666667 0.4222222222222222 0.15555555555555556 0.06666666666666667 
0.02127659574468085 0.40425531914893614 0.06382978723404255 0.02127659574468085 0.48936170212765956 
0.047619047619047616 0.14285714285714285 0.047619047619047616 0.047619047619047616 0.7142857142857143 
0.02702702702702703 0.13513513513513514 0.2972972972972973 0.02702702702702703 0.5135135135135135 
0.13725490196078433 0.058823529411764705 0.17647058823529413 0.13725490196078433 0.49019607843137253 
0.1794871794871795 0.02564102564102564 0.02564102564102564 0.3333333333333333 0.4358974358974359 
0.02702702702702703 0.5135135135135135 0.35135135135135137 0.02702702702702703 0.08108108108108109 
0.5862068965517241 0.10344827586206896 0.1724137931034483 0.034482758620689655 0.10344827586206896 
0.06666666666666667 0.06666666666666667 0.6 0.2 0.06666666666666667 
0.40540540540540543 0.13513513513513514 0.13513513513513514 0.24324324324324326 0.08108108108108109 
0.10344827586206896 0.5172413793103449 0.034482758620689655 0.034482758620689655 0.3103448275862069 
0.42857142857142855 0.14285714285714285 0.14285714285714285 0.14285714285714285 0.14285714285714285 
0.13513513513513514 0.2972972972972973 0.4594594594594595 0.02702702702702703 0.08108108108108109 
0.16129032258064516 0.2903225806451613 0.16129032258064516 0.0967741935483871 0.2903225806451613 
0.17647058823529413 0.058823529411764705 0.6470588235294118 0.058823529411764705 0.058823529411764705 
0.4117647058823529 0.058823529411764705 0.058823529411764705 0.29411764705882354 0.17647058823529413 
0.0196078431372549 0.0196078431372549 0.13725490196078433 0.21568627450980393 0.6078431372549019 
0.3333333333333333 0.014492753623188406 0.07246376811594203 0.15942028985507245 0.42028985507246375 
0.5294117647058824 0.058823529411764705 0.058823529411764705 0.058823529411764705 0.29411764705882354 
0.07692307692307693 0.23076923076923078 0.38461538461538464 0.23076923076923078 0.07692307692307693 
0.3548387096774194 0.16129032258064516 0.16129032258064516 0.2903225806451613 0.03225806451612903 
0.4146341463414634 0.024390243902439025 0.4146341463414634 0.024390243902439025 0.12195121951219512 
0.022222222222222223 0.4666666666666667 0.28888888888888886 0.2 0.022222222222222223 
0.2413793103448276 0.1724137931034483 0.10344827586206896 0.10344827586206896 0.3793103448275862 
0.23076923076923078 0.1794871794871795 0.07692307692307693 0.1794871794871795 0.3333333333333333 
0.02702702702702703 0.08108108108108109 0.08108108108108109 0.4594594594594595 0.35135135135135137 
0.06666666666666667 0.2 0.4666666666666667 0.2 0.06666666666666667 
0.4838709677419355 0.2903225806451613 0.16129032258064516 0.03225806451612903 0.03225806451612903 
0.030303030303030304 0.030303030303030304 0.5757575757575758 0.3333333333333333 0.030303030303030304 
0.14285714285714285 0.047619047619047616 0.5238095238095238 0.14285714285714285 0.14285714285714285 
0.2 0.14285714285714285 0.02857142857142857 0.6 0.02857142857142857 
0.5384615384615384 0.07692307692307693 0.23076923076923078 0.07692307692307693 0.07692307692307693 
0.24731182795698925 0.26881720430107525 0.16129032258064516 0.03225806451612903 0.2903225806451613 
0.1891891891891892 0.7297297297297297 0.02702702702702703 0.02702702702702703 0.02702702702702703 
0.38461538461538464 0.07692307692307693 0.23076923076923078 0.23076923076923078 0.07692307692307693 
0.09090909090909091 0.09090909090909091 0.2727272727272727 0.2727272727272727 0.2727272727272727 
0.058823529411764705 0.29411764705882354 0.058823529411764705 0.5294117647058824 0.058823529411764705 
0.2 0.4666666666666667 0.2 0.06666666666666667 0.06666666666666667 
0.06666666666666667 0.06666666666666667 0.7333333333333333 0.06666666666666667 0.06666666666666667 
0.5670103092783505 0.17525773195876287 0.05154639175257732 0.030927835051546393 0.17525773195876287 
0.22580645161290322 0.0967741935483871 0.03225806451612903 0.03225806451612903 0.6129032258064516 
0.08108108108108109 0.4594594594594595 0.2972972972972973 0.13513513513513514 0.02702702702702703 
0.4117647058823529 0.29411764705882354 0.058823529411764705 0.17647058823529413 0.058823529411764705 
0.1111111111111111 0.1111111111111111 0.48148148148148145 0.18518518518518517 0.1111111111111111 
0.2682926829268293 0.2682926829268293 0.3170731707317073 0.024390243902439025 0.12195121951219512 
0.2 0.022222222222222223 0.15555555555555556 0.022222222222222223 0.6 
0.043478260869565216 0.13043478260869565 0.391304347826087 0.21739130434782608 0.21739130434782608 
0.3710691823899371 0.2578616352201258 0.006289308176100629 0.09433962264150944 0.27044025157232704 
0.05263157894736842 0.3684210526315789 0.05263157894736842 0.47368421052631576 0.05263157894736842 
0.1111111111111111 0.1111111111111111 0.3333333333333333 0.1111111111111111 0.3333333333333333 
0.024390243902439025 0.2682926829268293 0.5609756097560976 0.12195121951219512 0.024390243902439025 
0.1724137931034483 0.034482758620689655 0.7241379310344828 0.034482758620689655 0.034482758620689655 
0.043478260869565216 0.043478260869565216 0.13043478260869565 0.043478260869565216 0.7391304347826086 
0.3333333333333333 0.3333333333333333 0.1111111111111111 0.1111111111111111 0.1111111111111111 
0.037037037037037035 0.3333333333333333 0.5555555555555556 0.037037037037037035 0.037037037037037035 
0.1794871794871795 0.28205128205128205 0.1282051282051282 0.07692307692307693 0.3333333333333333 
0.21212121212121213 0.15151515151515152 0.030303030303030304 0.030303030303030304 0.5757575757575758 
0.12 0.04 0.36 0.28 0.2 
0.2727272727272727 0.09090909090909091 0.3939393939393939 0.09090909090909091 0.15151515151515152 
0.16981132075471697 0.018867924528301886 0.24528301886792453 0.32075471698113206 0.24528301886792453 
0.14285714285714285 0.14285714285714285 0.42857142857142855 0.14285714285714285 0.14285714285714285 
0.48148148148148145 0.037037037037037035 0.3333333333333333 0.037037037037037035 0.1111111111111111 
0.04 0.04 0.04 0.28 0.6 
0.04 0.04 0.04 0.6 0.28 
0.04 0.28 0.04 0.04 0.6 
0.45454545454545453 0.05454545454545454 0.09090909090909091 0.16363636363636364 0.23636363636363636 
0.23404255319148937 0.10638297872340426 0.02127659574468085 0.40425531914893614 0.23404255319148937 
0.5384615384615384 0.23076923076923078 0.07692307692307693 0.07692307692307693 0.07692307692307693 
0.14285714285714285 0.14285714285714285 0.14285714285714285 0.42857142857142855 0.14285714285714285 
0.3488372093023256 0.023255813953488372 0.4418604651162791 0.023255813953488372 0.16279069767441862 
0.23809523809523808 0.14285714285714285 0.047619047619047616 0.5238095238095238 0.047619047619047616 
0.3684210526315789 0.15789473684210525 0.3684210526315789 0.05263157894736842 0.05263157894736842 
0.047619047619047616 0.3333333333333333 0.047619047619047616 0.5238095238095238 0.047619047619047616 
0.22580645161290322 0.6129032258064516 0.03225806451612903 0.03225806451612903 0.0967741935483871 
0.09090909090909091 0.28484848484848485 0.23636363636363636 0.38181818181818183 0.006060606060606061 
0.014084507042253521 0.04225352112676056 0.29577464788732394 0.07042253521126761 0.5774647887323944 
0.36 0.04 0.44 0.12 0.04 
0.09090909090909091 0.6363636363636364 0.09090909090909091 0.09090909090909091 0.09090909090909091 
0.76 0.04 0.12 0.04 0.04 
0.2 0.2 0.3333333333333333 0.06666666666666667 0.2 
0.02702702702702703 0.35135135135135137 0.08108108108108109 0.13513513513513514 0.40540540540540543 
0.5555555555555556 0.1111111111111111 0.1111111111111111 0.1111111111111111 0.1111111111111111 
0.5172413793103449 0.1724137931034483 0.034482758620689655 0.034482758620689655 0.2413793103448276 
0.3103448275862069 0.034482758620689655 0.034482758620689655 0.2413793103448276 0.3793103448275862 
0.030303030303030304 0.09090909090909091 0.030303030303030304 0.21212121212121213 0.6363636363636364 
0.2413793103448276 0.3793103448275862 0.2413793103448276 0.034482758620689655 0.10344827586206896 
0.2 0.06666666666666667 0.06666666666666667 0.6 0.06666666666666667 
0.7931034482758621 0.10344827586206896 0.034482758620689655 0.034482758620689655 0.034482758620689655 
0.02564102564102564 0.1794871794871795 0.07692307692307693 0.02564102564102564 0.6923076923076923 
0.2830188679245283 0.24528301886792453 0.09433962264150944 0.16981132075471697 0.20754716981132076 
0.06976744186046512 0.16279069767441862 0.3488372093023256 0.023255813953488372 0.3953488372093023 
0.06666666666666667 0.4666666666666667 0.06666666666666667 0.3333333333333333 0.06666666666666667 
0.24324324324324326 0.1891891891891892 0.08108108108108109 0.35135135135135137 0.13513513513513514 
0.037037037037037035 0.037037037037037035 0.037037037037037035 0.1111111111111111 0.7777777777777778 
0.02702702702702703 0.13513513513513514 0.4594594594594595 0.02702702702702703 0.35135135135135137 
0.06666666666666667 0.2 0.2 0.4666666666666667 0.06666666666666667 
0.13432835820895522 0.5223880597014925 0.1044776119402985 0.014925373134328358 0.22388059701492538 
0.14285714285714285 0.42857142857142855 0.14285714285714285 0.14285714285714285 0.14285714285714285 
0.08571428571428572 0.02857142857142857 0.14285714285714285 0.42857142857142855 0.3142857142857143 
0.3142857142857143 0.02857142857142857 0.02857142857142857 0.2571428571428571 0.37142857142857144 
0.037037037037037035 0.037037037037037035 0.6296296296296297 0.1111111111111111 0.18518518518518517 
0.1111111111111111 0.1111111111111111 0.1111111111111111 0.5555555555555556 0.1111111111111111 
0.1111111111111111 0.1111111111111111 0.022222222222222223 0.06666666666666667 0.6888888888888889 
0.06666666666666667 0.06666666666666667 0.2 0.6 0.06666666666666667 
0.37142857142857144 0.2 0.02857142857142857 0.2 0.2 
0.034482758620689655 0.3103448275862069 0.5862068965517241 0.034482758620689655 0.034482758620689655 
0.07692307692307693 0.6923076923076923 0.07692307692307693 0.07692307692307693 0.07692307692307693 
0.6410256410256411 0.02564102564102564 0.07692307692307693 0.1794871794871795 0.07692307692307693 
0.09090909090909091 0.09090909090909091 0.09090909090909091 0.6363636363636364 0.09090909090909091 
0.04 0.04 0.04 0.68 0.2 
0.09090909090909091 0.3939393939393939 0.030303030303030304 0.3333333333333333 0.15151515151515152 
0.3939393939393939 0.030303030303030304 0.3939393939393939 0.15151515151515152 0.030303030303030304 
0.4418604651162791 0.16279069767441862 0.20930232558139536 0.023255813953488372 0.16279069767441862 
0.030303030303030304 0.030303030303030304 0.030303030303030304 0.21212121212121213 0.696969696969697 
0.7931034482758621 0.034482758620689655 0.10344827586206896 0.034482758620689655 0.034482758620689655 
0.014492753623188406 0.3333333333333333 0.014492753623188406 0.07246376811594203 0.5652173913043478 
0.40540540540540543 0.5135135135135135 0.02702702702702703 0.02702702702702703 0.02702702702702703 
0.24444444444444444 0.06666666666666667 0.28888888888888886 0.24444444444444444 0.15555555555555556 
0.07692307692307693 0.07692307692307693 0.07692307692307693 0.5384615384615384 0.23076923076923078 
0.14285714285714285 0.14285714285714285 0.08571428571428572 0.02857142857142857 0.6 
0.3191489361702128 0.02127659574468085 0.3191489361702128 0.3191489361702128 0.02127659574468085 
0.13043478260869565 0.13043478260869565 0.043478260869565216 0.6521739130434783 0.043478260869565216 
0.022222222222222223 0.06666666666666667 0.24444444444444444 0.15555555555555556 0.5111111111111111 
0.7142857142857143 0.02857142857142857 0.08571428571428572 0.14285714285714285 0.02857142857142857 
0.17647058823529413 0.058823529411764705 0.17647058823529413 0.4117647058823529 0.17647058823529413 
0.07692307692307693 0.6923076923076923 0.07692307692307693 0.07692307692307693 0.07692307692307693 
0.14285714285714285 0.14285714285714285 0.14285714285714285 0.42857142857142855 0.14285714285714285 
0.15789473684210525 0.05263157894736842 0.05263157894736842 0.6842105263157895 0.05263157894736842 
0.02857142857142857 0.02857142857142857 0.4857142857142857 0.42857142857142855 0.02857142857142857 
0.4117647058823529 0.058823529411764705 0.4117647058823529 0.058823529411764705 0.058823529411764705 
0.4339622641509434 0.2830188679245283 0.24528301886792453 0.018867924528301886 0.018867924528301886 
0.7142857142857143 0.1111111111111111 0.047619047619047616 0.015873015873015872 0.1111111111111111 
0.04 0.36 0.04 0.44 0.12 
0.26436781609195403 0.011494252873563218 0.10344827586206896 0.28735632183908044 0.3333333333333333 
0.3333333333333333 0.1111111111111111 0.1111111111111111 0.3333333333333333 0.1111111111111111 
0.23076923076923078 0.5384615384615384 0.07692307692307693 0.07692307692307693 0.07692307692307693 
0.01818181818181818 0.2727272727272727 0.01818181818181818 0.2 0.4909090909090909 
0.09090909090909091 0.45454545454545453 0.030303030303030304 0.3939393939393939 0.030303030303030304 
0.3894736842105263 0.17894736842105263 0.3684210526315789 0.010526315789473684 0.05263157894736842 
0.018867924528301886 0.4716981132075472 0.09433962264150944 0.018867924528301886 0.39622641509433965 
0.5652173913043478 0.043478260869565216 0.043478260869565216 0.30434782608695654 0.043478260869565216 
0.15789473684210525 0.3263157894736842 0.15789473684210525 0.28421052631578947 0.07368421052631578 
0.030303030303030304 0.030303030303030304 0.15151515151515152 0.3333333333333333 0.45454545454545453 
0.037037037037037035 0.4074074074074074 0.037037037037037035 0.1111111111111111 0.4074074074074074 
0.4782608695652174 0.391304347826087 0.043478260869565216 0.043478260869565216 0.043478260869565216 
0.09090909090909091 0.2727272727272727 0.45454545454545453 0.09090909090909091 0.09090909090909091 
0.13043478260869565 0.13043478260869565 0.4782608695652174 0.043478260869565216 0.21739130434782608 
0.13043478260869565 0.13043478260869565 0.391304347826087 0.21739130434782608 0.13043478260869565 
0.08571428571428572 0.14285714285714285 0.2571428571428571 0.42857142857142855 0.08571428571428572 
0.15789473684210525 0.05263157894736842 0.3684210526315789 0.05263157894736842 0.3684210526315789 
0.5135135135135135 0.02702702702702703 0.13513513513513514 0.13513513513513514 0.1891891891891892 
0.15789473684210525 0.15789473684210525 0.05263157894736842 0.3684210526315789 0.2631578947368421 
0.030303030303030304 0.030303030303030304 0.3939393939393939 0.45454545454545453 0.09090909090909091 
0.06382978723404255 0.02127659574468085 0.3191489361702128 0.44680851063829785 0.14893617021276595 
0.02702702702702703 0.2972972972972973 0.4594594594594595 0.1891891891891892 0.02702702702702703 
0.48936170212765956 0.10638297872340426 0.02127659574468085 0.3617021276595745 0.02127659574468085 
0.28 0.12 0.2 0.36 0.04 
0.2808988764044944 0.12359550561797752 0.056179775280898875 0.39325842696629215 0.14606741573033707 
0.28888888888888886 0.5555555555555556 0.022222222222222223 0.022222222222222223 0.1111111111111111 
0.3333333333333333 0.3333333333333333 0.1111111111111111 0.1111111111111111 0.1111111111111111 
0.3333333333333333 0.18518518518518517 0.4074074074074074 0.037037037037037035 0.037037037037037035 
0.1958762886597938 0.29896907216494845 0.010309278350515464 0.4845360824742268 0.010309278350515464 
0.4634146341463415 0.024390243902439025 0.21951219512195122 0.17073170731707318 0.12195121951219512 
0.02564102564102564 0.5384615384615384 0.1282051282051282 0.1794871794871795 0.1282051282051282 
0.058823529411764705 0.058823529411764705 0.17647058823529413 0.29411764705882354 0.4117647058823529 
0.1111111111111111 0.3333333333333333 0.1111111111111111 0.3333333333333333 0.1111111111111111 
0.20930232558139536 0.023255813953488372 0.16279069767441862 0.06976744186046512 0.5348837209302325 
0.14285714285714285 0.10204081632653061 0.5918367346938775 0.02040816326530612 0.14285714285714285 
0.2413793103448276 0.034482758620689655 0.034482758620689655 0.5172413793103449 0.1724137931034483 
0.030303030303030304 0.030303030303030304 0.8181818181818182 0.030303030303030304 0.09090909090909091 
0.06382978723404255 0.44680851063829785 0.06382978723404255 0.23404255319148937 0.19148936170212766 
0.4666666666666667 0.06666666666666667 0.2 0.06666666666666667 0.2 
0.10344827586206896 0.5172413793103449 0.10344827586206896 0.1724137931034483 0.10344827586206896 
0.13513513513513514 0.7297297297297297 0.08108108108108109 0.02702702702702703 0.02702702702702703 
0.07692307692307693 0.6923076923076923 0.07692307692307693 0.07692307692307693 0.07692307692307693 
0.05454545454545454 0.6363636363636364 0.05454545454545454 0.2 0.05454545454545454 
0.38461538461538464 0.07692307692307693 0.23076923076923078 0.23076923076923078 0.07692307692307693 
0.034482758620689655 0.034482758620689655 0.034482758620689655 0.3793103448275862 0.5172413793103449 
0.09803921568627451 0.09803921568627451 0.29411764705882354 0.058823529411764705 0.45098039215686275 
0.42857142857142855 0.02040816326530612 0.02040816326530612 0.42857142857142855 0.10204081632653061 
0.13043478260869565 0.13043478260869565 0.043478260869565216 0.30434782608695654 0.391304347826087 
0.09090909090909091 0.2727272727272727 0.45454545454545453 0.09090909090909091 0.09090909090909091 
0.06976744186046512 0.06976744186046512 0.4883720930232558 0.3023255813953488 0.06976744186046512 
0.18518518518518517 0.037037037037037035 0.3333333333333333 0.037037037037037035 0.4074074074074074 
0.14285714285714285 0.14285714285714285 0.14285714285714285 0.14285714285714285 0.42857142857142855 
0.1111111111111111 0.1111111111111111 0.1111111111111111 0.1111111111111111 0.5555555555555556 
0.043478260869565216 0.043478260869565216 0.13043478260869565 0.7391304347826086 0.043478260869565216 
0.037037037037037035 0.1111111111111111 0.48148148148148145 0.1111111111111111 0.25925925925925924 
0.04 0.6 0.2 0.04 0.12 
0.09090909090909091 0.09090909090909091 0.2727272727272727 0.09090909090909091 0.45454545454545453 
0.043478260869565216 0.4782608695652174 0.30434782608695654 0.13043478260869565 0.043478260869565216 
0.22388059701492538 0.19402985074626866 0.4626865671641791 0.04477611940298507 0.07462686567164178 
0.12 0.04 0.28 0.52 0.04 
0.25925925925925924 0.037037037037037035 0.037037037037037035 0.1111111111111111 0.5555555555555556 
0.36585365853658536 0.024390243902439025 0.12195121951219512 0.4146341463414634 0.07317073170731707 
0.6721311475409836 0.04918032786885246 0.18032786885245902 0.01639344262295082 0.08196721311475409 
0.01694915254237288 0.01694915254237288 0.4915254237288136 0.15254237288135594 0.3220338983050847 
0.17647058823529413 0.058823529411764705 0.17647058823529413 0.4117647058823529 0.17647058823529413 
0.04 0.36 0.36 0.12 0.12 
0.2982456140350877 0.3684210526315789 0.15789473684210525 0.12280701754385964 0.05263157894736842 
0.02857142857142857 0.6571428571428571 0.02857142857142857 0.02857142857142857 0.2571428571428571 
0.030303030303030304 0.5151515151515151 0.21212121212121213 0.09090909090909091 0.15151515151515152 
0.06666666666666667 0.6 0.06666666666666667 0.2 0.06666666666666667 
0.2571428571428571 0.02857142857142857 0.6 0.02857142857142857 0.08571428571428572 
0.42857142857142855 0.1836734693877551 0.22448979591836735 0.02040816326530612 0.14285714285714285 
0.3548387096774194 0.16129032258064516 0.22580645161290322 0.22580645161290322 0.03225806451612903 
0.13043478260869565 0.391304347826087 0.043478260869565216 0.391304347826087 0.043478260869565216 
0.03225806451612903 0.6129032258064516 0.22580645161290322 0.03225806451612903 0.0967741935483871 
0.05263157894736842 0.5789473684210527 0.05263157894736842 0.05263157894736842 0.2631578947368421 
0.043478260869565216 0.21739130434782608 0.043478260869565216 0.30434782608695654 0.391304347826087 
0.38461538461538464 0.07692307692307693 0.23076923076923078 0.07692307692307693 0.23076923076923078 
0.15789473684210525 0.15789473684210525 0.15789473684210525 0.2631578947368421 0.2631578947368421 
0.14285714285714285 0.14285714285714285 0.42857142857142855 0.14285714285714285 0.14285714285714285 
0.09803921568627451 0.29411764705882354 0.2549019607843137 0.09803921568627451 0.2549019607843137 
0.2 0.2 0.04 0.52 0.04 
0.14285714285714285 0.42857142857142855 0.14285714285714285 0.14285714285714285 0.14285714285714285 
0.22033898305084745 0.15254237288135594 0.11864406779661017 0.4576271186440678 0.05084745762711865 
0.28 0.12 0.2 0.3333333333333333 0.06666666666666667 
0.3333333333333333 0.2 0.2 0.2 0.06666666666666667 
0.36 0.04 0.52 0.04 0.04 
0.043478260869565216 0.21739130434782608 0.043478260869565216 0.13043478260869565 0.5652173913043478 
0.6065573770491803 0.3114754098360656 0.01639344262295082 0.01639344262295082 0.04918032786885246 
0.0967741935483871 0.41935483870967744 0.03225806451612903 0.2903225806451613 0.16129032258064516 
0.8064516129032258 0.03225806451612903 0.03225806451612903 0.0967741935483871 0.03225806451612903 
0.06666666666666667 0.3333333333333333 0.06666666666666667 0.06666666666666667 0.4666666666666667 
0.047619047619047616 0.14285714285714285 0.23809523809523808 0.23809523809523808 0.3333333333333333 
0.16923076923076924 0.47692307692307695 0.16923076923076924 0.13846153846153847 0.046153846153846156 
0.04 0.04 0.84 0.04 0.04 
0.12727272727272726 0.05454545454545454 0.01818181818181818 0.45454545454545453 0.34545454545454546 
0.043478260869565216 0.30434782608695654 0.30434782608695654 0.13043478260869565 0.21739130434782608 
0.030303030303030304 0.2727272727272727 0.15151515151515152 0.15151515151515152 0.3939393939393939 
0.04 0.28 0.44 0.2 0.04 
0.3333333333333333 0.3333333333333333 0.1111111111111111 0.1111111111111111 0.1111111111111111 
0.17333333333333334 0.06666666666666667 0.41333333333333333 0.12 0.22666666666666666 
0.5789473684210527 0.05263157894736842 0.2631578947368421 0.05263157894736842 0.05263157894736842 
0.058823529411764705 0.058823529411764705 0.17647058823529413 0.6470588235294118 0.058823529411764705 
0.2903225806451613 0.4838709677419355 0.0967741935483871 0.03225806451612903 0.0967741935483871 
0.023255813953488372 0.4883720930232558 0.023255813953488372 0.023255813953488372 0.4418604651162791 
0.52 0.04 0.2 0.12 0.12 
0.15151515151515152 0.45454545454545453 0.2727272727272727 0.030303030303030304 0.09090909090909091 
0.47368421052631576 0.05263157894736842 0.3684210526315789 0.05263157894736842 0.05263157894736842 
0.047619047619047616 0.047619047619047616 0.49206349206349204 0.015873015873015872 0.3968253968253968 
0.037037037037037035 0.037037037037037035 0.037037037037037035 0.18518518518518517 0.7037037037037037 
0.3333333333333333 0.3333333333333333 0.047619047619047616 0.23809523809523808 0.047619047619047616 
0.043478260869565216 0.014492753623188406 0.21739130434782608 0.043478260869565216 0.6811594202898551 
0.02857142857142857 0.02857142857142857 0.08571428571428572 0.7142857142857143 0.14285714285714285 
0.2571428571428571 0.14285714285714285 0.02857142857142857 0.14285714285714285 0.42857142857142855 
0.1111111111111111 0.18518518518518517 0.4074074074074074 0.1111111111111111 0.18518518518518517 
0.08571428571428572 0.3142857142857143 0.02857142857142857 0.4857142857142857 0.08571428571428572 
0.09090909090909091 0.45454545454545453 0.09090909090909091 0.2727272727272727 0.09090909090909091 
0.05263157894736842 0.15789473684210525 0.2631578947368421 0.3684210526315789 0.15789473684210525 
0.14285714285714285 0.14285714285714285 0.42857142857142855 0.14285714285714285 0.14285714285714285 
0.1836734693877551 0.22448979591836735 0.02040816326530612 0.10204081632653061 0.46938775510204084 
0.058823529411764705 0.6470588235294118 0.17647058823529413 0.058823529411764705 0.058823529411764705 
0.14285714285714285 0.02857142857142857 0.42857142857142855 0.2 0.2 
0.4925373134328358 0.014925373134328358 0.014925373134328358 0.40298507462686567 0.07462686567164178 
0.6 0.04 0.04 0.2 0.12 
0.058823529411764705 0.058823529411764705 0.058823529411764705 0.17647058823529413 0.6470588235294118 
0.06542056074766354 0.514018691588785 0.27102803738317754 0.14018691588785046 0.009345794392523364 
0.2087912087912088 0.054945054945054944 0.07692307692307693 0.01098901098901099 0.6483516483516484 
0.6410256410256411 0.1282051282051282 0.02564102564102564 0.02564102564102564 0.1794871794871795 
0.17647058823529413 0.4117647058823529 0.058823529411764705 0.17647058823529413 0.17647058823529413 
