0.037037037037037035 0.1111111111111111 0.7777777777777778 0.037037037037037035 0.037037037037037035 
0.022222222222222223 0.3333333333333333 0.15555555555555556 0.4666666666666667 0.022222222222222223 
0.043478260869565216 0.30434782608695654 0.13043478260869565 0.4782608695652174 0.043478260869565216 
0.09090909090909091 0.09090909090909091 0.15151515151515152 0.030303030303030304 0.6363636363636364 
0.6551724137931034 0.10344827586206896 0.10344827586206896 0.034482758620689655 0.10344827586206896 
0.02127659574468085 0.40425531914893614 0.2765957446808511 0.19148936170212766 0.10638297872340426 
0.21212121212121213 0.15151515151515152 0.030303030303030304 0.030303030303030304 0.5757575757575758 
0.09090909090909091 0.5151515151515151 0.2727272727272727 0.09090909090909091 0.030303030303030304 
0.5135135135135135 0.02702702702702703 0.02702702702702703 0.35135135135135137 0.08108108108108109 
0.2413793103448276 0.2413793103448276 0.10344827586206896 0.2413793103448276 0.1724137931034483 
0.1111111111111111 0.4074074074074074 0.18518518518518517 0.06172839506172839 0.2345679012345679 
0.6842105263157895 0.05263157894736842 0.05263157894736842 0.15789473684210525 0.05263157894736842 
0.09090909090909091 0.09090909090909091 0.2727272727272727 0.09090909090909091 0.45454545454545453 
0.3333333333333333 0.1111111111111111 0.1111111111111111 0.3333333333333333 0.1111111111111111 
0.047619047619047616 0.047619047619047616 0.3333333333333333 0.3333333333333333 0.23809523809523808 
0.02857142857142857 0.14285714285714285 0.02857142857142857 0.7142857142857143 0.08571428571428572 
0.42028985507246375 0.043478260869565216 0.014492753623188406 0.4492753623188406 0.07246376811594203 
0.30337078651685395 0.2808988764044944 0.033707865168539325 0.21348314606741572 0.16853932584269662 
0.022222222222222223 0.37777777777777777 0.24444444444444444 0.2 0.15555555555555556 
0.04 0.04 0.68 0.04 0.2 
0.4482758620689655 0.2413793103448276 0.2413793103448276 0.034482758620689655 0.034482758620689655 
0.18518518518518517 0.037037037037037035 0.3333333333333333 0.18518518518518517 0.25925925925925924 
0.1724137931034483 0.3793103448275862 0.1724137931034483 0.2413793103448276 0.034482758620689655 
0.5294117647058824 0.29411764705882354 0.058823529411764705 0.058823529411764705 0.058823529411764705 
0.04 0.44 0.44 0.04 0.04 
0.07317073170731707 0.17073170731707318 0.024390243902439025 0.5121951219512195 0.21951219512195122 
0.52 0.04 0.28 0.12 0.04 
0.06666666666666667 0.06666666666666667 0.3333333333333333 0.4666666666666667 0.06666666666666667 
0.047619047619047616 0.7142857142857143 0.047619047619047616 0.047619047619047616 0.14285714285714285 
0.0967741935483871 0.16129032258064516 0.03225806451612903 0.0967741935483871 0.6129032258064516 
0.1891891891891892 0.02702702702702703 0.7297297297297297 0.02702702702702703 0.02702702702702703 
0.07692307692307693 0.07692307692307693 0.07692307692307693 0.38461538461538464 0.38461538461538464 
0.14285714285714285 0.42857142857142855 0.14285714285714285 0.14285714285714285 0.14285714285714285 
0.02564102564102564 0.07692307692307693 0.02564102564102564 0.8461538461538461 0.02564102564102564 
0.14285714285714285 0.14285714285714285 0.14285714285714285 0.42857142857142855 0.14285714285714285 
0.07246376811594203 0.043478260869565216 0.5652173913043478 0.014492753623188406 0.30434782608695654 
0.04 0.12 0.12 0.36 0.36 
0.23076923076923078 0.38461538461538464 0.23076923076923078 0.07692307692307693 0.07692307692307693 
0.0967741935483871 0.16129032258064516 0.03225806451612903 0.16129032258064516 0.5483870967741935 
0.43820224719101125 0.3258426966292135 0.16853932584269662 0.011235955056179775 0.056179775280898875 
0.14285714285714285 0.42857142857142855 0.14285714285714285 0.14285714285714285 0.14285714285714285 
0.023255813953488372 0.11627906976744186 0.2558139534883721 0.5813953488372093 0.023255813953488372 
0.07692307692307693 0.6923076923076923 0.07692307692307693 0.07692307692307693 0.07692307692307693 
0.037037037037037035 0.037037037037037035 0.4074074074074074 0.18518518518518517 0.3333333333333333 
0.04 0.04 0.12 0.52 0.28 
0.043478260869565216 0.043478260869565216 0.7391304347826086 0.043478260869565216 0.13043478260869565 
0.3333333333333333 0.14285714285714285 0.23809523809523808 0.14285714285714285 0.14285714285714285 
0.07692307692307693 0.07692307692307693 0.07692307692307693 0.23076923076923078 0.5384615384615384 
0.2 0.2 0.02857142857142857 0.2571428571428571 0.3142857142857143 
0.07317073170731707 0.024390243902439025 0.3170731707317073 0.21951219512195122 0.36585365853658536 
0.2 0.3333333333333333 0.06666666666666667 0.06666666666666667 0.3333333333333333 
0.2463768115942029 0.014492753623188406 0.5942028985507246 0.13043478260869565 0.014492753623188406 
0.3333333333333333 0.14285714285714285 0.14285714285714285 0.3333333333333333 0.047619047619047616 
0.10638297872340426 0.02127659574468085 0.14893617021276595 0.40425531914893614 0.3191489361702128 
0.14285714285714285 0.14285714285714285 0.14285714285714285 0.42857142857142855 0.14285714285714285 
0.14285714285714285 0.42857142857142855 0.14285714285714285 0.14285714285714285 0.14285714285714285 
0.3333333333333333 0.047619047619047616 0.14285714285714285 0.42857142857142855 0.047619047619047616 
0.37777777777777777 0.15555555555555556 0.24444444444444444 0.15555555555555556 0.06666666666666667 
0.2631578947368421 0.47368421052631576 0.15789473684210525 0.05263157894736842 0.05263157894736842 
0.4634146341463415 0.024390243902439025 0.12195121951219512 0.024390243902439025 0.36585365853658536 
0.12 0.12 0.44 0.2 0.12 
0.14285714285714285 0.012987012987012988 0.03896103896103896 0.45454545454545453 0.35064935064935066 
0.17647058823529413 0.058823529411764705 0.5294117647058824 0.17647058823529413 0.058823529411764705 
0.30434782608695654 0.5652173913043478 0.043478260869565216 0.043478260869565216 0.043478260869565216 
0.2 0.06666666666666667 0.6 0.06666666666666667 0.06666666666666667 
0.7142857142857143 0.02857142857142857 0.08571428571428572 0.02857142857142857 0.14285714285714285 
0.13043478260869565 0.043478260869565216 0.21739130434782608 0.4782608695652174 0.13043478260869565 
0.4117647058823529 0.058823529411764705 0.058823529411764705 0.4117647058823529 0.058823529411764705 
0.058823529411764705 0.6078431372549019 0.09803921568627451 0.21568627450980393 0.0196078431372549 
0.024390243902439025 0.2682926829268293 0.2682926829268293 0.36585365853658536 0.07317073170731707 
0.5238095238095238 0.047619047619047616 0.23809523809523808 0.047619047619047616 0.14285714285714285 
0.16129032258064516 0.6129032258064516 0.16129032258064516 0.03225806451612903 0.03225806451612903 
0.6170212765957447 0.10638297872340426 0.14893617021276595 0.10638297872340426 0.02127659574468085 
0.07692307692307693 0.07692307692307693 0.07692307692307693 0.5384615384615384 0.23076923076923078 
0.38461538461538464 0.38461538461538464 0.07692307692307693 0.07692307692307693 0.07692307692307693 
0.41818181818181815 0.12727272727272726 0.2727272727272727 0.05454545454545454 0.12727272727272726 
0.2413793103448276 0.10344827586206896 0.034482758620689655 0.034482758620689655 0.5862068965517241 
0.1111111111111111 0.3333333333333333 0.3333333333333333 0.1111111111111111 0.1111111111111111 
0.1111111111111111 0.1111111111111111 0.022222222222222223 0.24444444444444444 0.5111111111111111 
0.037037037037037035 0.1111111111111111 0.5555555555555556 0.25925925925925924 0.037037037037037035 
0.16129032258064516 0.2903225806451613 0.03225806451612903 0.03225806451612903 0.4838709677419355 
0.5652173913043478 0.30434782608695654 0.043478260869565216 0.043478260869565216 0.043478260869565216 
0.13043478260869565 0.043478260869565216 0.18840579710144928 0.4782608695652174 0.15942028985507245 
0.014925373134328358 0.07462686567164178 0.373134328358209 0.373134328358209 0.16417910447761194 
0.30434782608695654 0.21739130434782608 0.30434782608695654 0.13043478260869565 0.043478260869565216 
0.047619047619047616 0.047619047619047616 0.047619047619047616 0.047619047619047616 0.8095238095238095 
0.2537313432835821 0.07462686567164178 0.2537313432835821 0.07462686567164178 0.34328358208955223 
0.02702702702702703 0.02702702702702703 0.24324324324324326 0.02702702702702703 0.6756756756756757 
0.012658227848101266 0.21518987341772153 0.24050632911392406 0.46835443037974683 0.06329113924050633 
0.3333333333333333 0.3333333333333333 0.2 0.06666666666666667 0.06666666666666667 
0.037037037037037035 0.48148148148148145 0.037037037037037035 0.037037037037037035 0.4074074074074074 
0.04477611940298507 0.16417910447761194 0.014925373134328358 0.373134328358209 0.40298507462686567 
0.018867924528301886 0.05660377358490566 0.16981132075471697 0.018867924528301886 0.7358490566037735 
0.02702702702702703 0.13513513513513514 0.13513513513513514 0.1891891891891892 0.5135135135135135 
0.1111111111111111 0.1111111111111111 0.1111111111111111 0.5555555555555556 0.1111111111111111 
0.25925925925925924 0.1111111111111111 0.18518518518518517 0.4074074074074074 0.037037037037037035 
0.047619047619047616 0.5238095238095238 0.23809523809523808 0.14285714285714285 0.047619047619047616 
0.18518518518518517 0.037037037037037035 0.25925925925925924 0.1111111111111111 0.4074074074074074 
0.043478260869565216 0.30434782608695654 0.21739130434782608 0.043478260869565216 0.391304347826087 
0.16279069767441862 0.06976744186046512 0.5813953488372093 0.06976744186046512 0.11627906976744186 
0.2 0.12 0.6 0.04 0.04 
0.42857142857142855 0.14285714285714285 0.047619047619047616 0.23809523809523808 0.14285714285714285 
0.44 0.2 0.2 0.12 0.04 
0.14754098360655737 0.3114754098360656 0.18032786885245902 0.04918032786885246 0.3114754098360656 
0.3333333333333333 0.29411764705882354 0.21568627450980393 0.09803921568627451 0.058823529411764705 
0.058823529411764705 0.058823529411764705 0.5294117647058824 0.058823529411764705 0.29411764705882354 
0.022222222222222223 0.2 0.28888888888888886 0.24444444444444444 0.24444444444444444 
0.2 0.022222222222222223 0.28888888888888886 0.06666666666666667 0.4222222222222222 
0.6521739130434783 0.043478260869565216 0.043478260869565216 0.043478260869565216 0.21739130434782608 
0.4857142857142857 0.08571428571428572 0.2 0.02857142857142857 0.2 
0.24324324324324326 0.24324324324324326 0.08108108108108109 0.2972972972972973 0.13513513513513514 
0.14285714285714285 0.42857142857142855 0.14285714285714285 0.14285714285714285 0.14285714285714285 
0.23076923076923078 0.38461538461538464 0.07692307692307693 0.23076923076923078 0.07692307692307693 
0.14285714285714285 0.23809523809523808 0.23809523809523808 0.14285714285714285 0.23809523809523808 
0.14285714285714285 0.14285714285714285 0.14285714285714285 0.42857142857142855 0.14285714285714285 
0.023255813953488372 0.4418604651162791 0.023255813953488372 0.4883720930232558 0.023255813953488372 
0.14285714285714285 0.42857142857142855 0.14285714285714285 0.14285714285714285 0.14285714285714285 
0.13043478260869565 0.391304347826087 0.043478260869565216 0.30434782608695654 0.13043478260869565 
0.42857142857142855 0.14285714285714285 0.14285714285714285 0.14285714285714285 0.14285714285714285 
0.14285714285714285 0.047619047619047616 0.42857142857142855 0.14285714285714285 0.23809523809523808 
0.02857142857142857 0.2 0.02857142857142857 0.2 0.5428571428571428 
0.6190476190476191 0.23809523809523808 0.047619047619047616 0.047619047619047616 0.047619047619047616 
0.14285714285714285 0.42857142857142855 0.14285714285714285 0.14285714285714285 0.14285714285714285 
0.3023255813953488 0.2558139534883721 0.16279069767441862 0.20930232558139536 0.06976744186046512 
0.1111111111111111 0.1111111111111111 0.1111111111111111 0.3333333333333333 0.3333333333333333 
0.14285714285714285 0.14285714285714285 0.42857142857142855 0.14285714285714285 0.14285714285714285 
0.6226415094339622 0.09433962264150944 0.09433962264150944 0.16981132075471697 0.018867924528301886 
0.14285714285714285 0.14285714285714285 0.3877551020408163 0.02040816326530612 0.30612244897959184 
0.022222222222222223 0.022222222222222223 0.2 0.2 0.5555555555555556 
0.02564102564102564 0.38461538461538464 0.4358974358974359 0.1282051282051282 0.02564102564102564 
0.28205128205128205 0.02564102564102564 0.23076923076923078 0.23076923076923078 0.23076923076923078 
0.08108108108108109 0.13513513513513514 0.02702702702702703 0.7297297297297297 0.02702702702702703 
0.15555555555555556 0.022222222222222223 0.2 0.022222222222222223 0.6 
0.034482758620689655 0.6551724137931034 0.1724137931034483 0.034482758620689655 0.10344827586206896 
0.13513513513513514 0.4594594594594595 0.35135135135135137 0.02702702702702703 0.02702702702702703 
0.022222222222222223 0.4222222222222222 0.24444444444444444 0.2 0.1111111111111111 
0.48148148148148145 0.1111111111111111 0.25925925925925924 0.1111111111111111 0.037037037037037035 
0.5555555555555556 0.037037037037037035 0.037037037037037035 0.3333333333333333 0.037037037037037035 
0.3103448275862069 0.10344827586206896 0.3793103448275862 0.10344827586206896 0.10344827586206896 
0.5172413793103449 0.034482758620689655 0.034482758620689655 0.2413793103448276 0.1724137931034483 
0.06666666666666667 0.06666666666666667 0.3333333333333333 0.4666666666666667 0.06666666666666667 
0.6 0.06666666666666667 0.06666666666666667 0.06666666666666667 0.2 
0.07692307692307693 0.5384615384615384 0.07692307692307693 0.23076923076923078 0.07692307692307693 
0.76 0.04 0.04 0.12 0.04 
0.10344827586206896 0.5862068965517241 0.10344827586206896 0.10344827586206896 0.10344827586206896 
0.14285714285714285 0.14285714285714285 0.14285714285714285 0.42857142857142855 0.14285714285714285 
0.15151515151515152 0.030303030303030304 0.3333333333333333 0.3939393939393939 0.09090909090909091 
0.14285714285714285 0.14285714285714285 0.14285714285714285 0.14285714285714285 0.42857142857142855 
0.4838709677419355 0.0967741935483871 0.03225806451612903 0.03225806451612903 0.3548387096774194 
0.3333333333333333 0.2 0.2 0.06666666666666667 0.2 
0.09090909090909091 0.09090909090909091 0.2727272727272727 0.5151515151515151 0.030303030303030304 
0.01694915254237288 0.3898305084745763 0.05084745762711865 0.01694915254237288 0.5254237288135594 
0.0196078431372549 0.17647058823529413 0.21568627450980393 0.13725490196078433 0.45098039215686275 
0.02564102564102564 0.02564102564102564 0.3333333333333333 0.07692307692307693 0.5384615384615384 
0.058823529411764705 0.29411764705882354 0.29411764705882354 0.29411764705882354 0.058823529411764705 
0.17647058823529413 0.058823529411764705 0.5294117647058824 0.058823529411764705 0.17647058823529413 
0.14285714285714285 0.42857142857142855 0.14285714285714285 0.14285714285714285 0.14285714285714285 
0.391304347826087 0.30434782608695654 0.043478260869565216 0.13043478260869565 0.13043478260869565 
0.23809523809523808 0.42857142857142855 0.23809523809523808 0.047619047619047616 0.047619047619047616 
0.8378378378378378 0.02702702702702703 0.02702702702702703 0.08108108108108109 0.02702702702702703 
0.043478260869565216 0.13043478260869565 0.4782608695652174 0.30434782608695654 0.043478260869565216 
0.030303030303030304 0.15151515151515152 0.3333333333333333 0.2727272727272727 0.21212121212121213 
0.16279069767441862 0.4418604651162791 0.20930232558139536 0.023255813953488372 0.16279069767441862 
0.42857142857142855 0.14285714285714285 0.14285714285714285 0.14285714285714285 0.14285714285714285 
0.4482758620689655 0.10344827586206896 0.034482758620689655 0.10344827586206896 0.3103448275862069 
0.4666666666666667 0.022222222222222223 0.06666666666666667 0.022222222222222223 0.4222222222222222 
0.06382978723404255 0.2765957446808511 0.2765957446808511 0.3191489361702128 0.06382978723404255 
0.14285714285714285 0.047619047619047616 0.047619047619047616 0.42857142857142855 0.3333333333333333 
0.35135135135135137 0.2972972972972973 0.24324324324324326 0.08108108108108109 0.02702702702702703 
0.2549019607843137 0.058823529411764705 0.058823529411764705 0.13725490196078433 0.49019607843137253 
0.23076923076923078 0.07692307692307693 0.07692307692307693 0.5897435897435898 0.02564102564102564 
0.02702702702702703 0.40540540540540543 0.13513513513513514 0.13513513513513514 0.2972972972972973 
0.10344827586206896 0.034482758620689655 0.034482758620689655 0.7931034482758621 0.034482758620689655 
0.2 0.3333333333333333 0.06666666666666667 0.06666666666666667 0.3333333333333333 
0.1891891891891892 0.4594594594594595 0.02702702702702703 0.02702702702702703 0.2972972972972973 
0.1724137931034483 0.10344827586206896 0.10344827586206896 0.034482758620689655 0.5862068965517241 
0.14285714285714285 0.42857142857142855 0.14285714285714285 0.14285714285714285 0.14285714285714285 
0.08108108108108109 0.02702702702702703 0.24324324324324326 0.13513513513513514 0.5135135135135135 
0.16129032258064516 0.03225806451612903 0.22580645161290322 0.5483870967741935 0.03225806451612903 
0.058823529411764705 0.058823529411764705 0.17647058823529413 0.29411764705882354 0.4117647058823529 
0.5294117647058824 0.29411764705882354 0.058823529411764705 0.058823529411764705 0.058823529411764705 
0.17647058823529413 0.058823529411764705 0.3333333333333333 0.0196078431372549 0.4117647058823529 
0.3333333333333333 0.5652173913043478 0.014492753623188406 0.07246376811594203 0.014492753623188406 
0.058823529411764705 0.29411764705882354 0.17647058823529413 0.4117647058823529 0.058823529411764705 
0.07692307692307693 0.38461538461538464 0.07692307692307693 0.38461538461538464 0.07692307692307693 
0.03225806451612903 0.3548387096774194 0.0967741935483871 0.4838709677419355 0.03225806451612903 
0.12195121951219512 0.5609756097560976 0.07317073170731707 0.21951219512195122 0.024390243902439025 
0.022222222222222223 0.15555555555555556 0.022222222222222223 0.37777777777777777 0.4222222222222222 
0.034482758620689655 0.3103448275862069 0.4482758620689655 0.034482758620689655 0.1724137931034483 
0.1794871794871795 0.02564102564102564 0.4358974358974359 0.1794871794871795 0.1794871794871795 
0.08108108108108109 0.40540540540540543 0.02702702702702703 0.4594594594594595 0.02702702702702703 
0.3333333333333333 0.3333333333333333 0.06666666666666667 0.06666666666666667 0.2 
0.2903225806451613 0.16129032258064516 0.0967741935483871 0.2903225806451613 0.16129032258064516 
0.09090909090909091 0.030303030303030304 0.6363636363636364 0.09090909090909091 0.15151515151515152 
0.14285714285714285 0.5238095238095238 0.14285714285714285 0.047619047619047616 0.14285714285714285 
0.14285714285714285 0.2571428571428571 0.4857142857142857 0.08571428571428572 0.02857142857142857 
0.07692307692307693 0.38461538461538464 0.38461538461538464 0.07692307692307693 0.07692307692307693 
0.2903225806451613 0.053763440860215055 0.5053763440860215 0.010752688172043012 0.13978494623655913 
0.02702702702702703 0.8918918918918919 0.02702702702702703 0.02702702702702703 0.02702702702702703 
0.38461538461538464 0.23076923076923078 0.07692307692307693 0.07692307692307693 0.23076923076923078 
0.09090909090909091 0.09090909090909091 0.2727272727272727 0.09090909090909091 0.45454545454545453 
0.29411764705882354 0.058823529411764705 0.5294117647058824 0.058823529411764705 0.058823529411764705 
0.06666666666666667 0.06666666666666667 0.6 0.06666666666666667 0.2 
0.4666666666666667 0.06666666666666667 0.06666666666666667 0.06666666666666667 0.3333333333333333 
0.14285714285714285 0.14285714285714285 0.42857142857142855 0.14285714285714285 0.14285714285714285 
0.22580645161290322 0.4838709677419355 0.03225806451612903 0.22580645161290322 0.03225806451612903 
0.35135135135135137 0.13513513513513514 0.13513513513513514 0.1891891891891892 0.1891891891891892 
0.29411764705882354 0.058823529411764705 0.058823529411764705 0.058823529411764705 0.5294117647058824 
0.1111111111111111 0.4074074074074074 0.18518518518518517 0.037037037037037035 0.25925925925925924 
0.07317073170731707 0.07317073170731707 0.3170731707317073 0.3170731707317073 0.21951219512195122 
0.022222222222222223 0.6 0.3333333333333333 0.022222222222222223 0.022222222222222223 
0.4782608695652174 0.13043478260869565 0.21739130434782608 0.13043478260869565 0.043478260869565216 
0.34591194968553457 0.11949685534591195 0.24528301886792453 0.27044025157232704 0.018867924528301886 
0.2631578947368421 0.05263157894736842 0.15789473684210525 0.47368421052631576 0.05263157894736842 
0.1111111111111111 0.1111111111111111 0.3333333333333333 0.3333333333333333 0.1111111111111111 
0.7560975609756098 0.024390243902439025 0.12195121951219512 0.07317073170731707 0.024390243902439025 
0.034482758620689655 0.3103448275862069 0.10344827586206896 0.034482758620689655 0.5172413793103449 
0.13043478260869565 0.043478260869565216 0.043478260869565216 0.043478260869565216 0.7391304347826086 
0.1111111111111111 0.1111111111111111 0.1111111111111111 0.1111111111111111 0.5555555555555556 
0.037037037037037035 0.4074074074074074 0.037037037037037035 0.48148148148148145 0.037037037037037035 
0.1282051282051282 0.02564102564102564 0.7435897435897436 0.07692307692307693 0.02564102564102564 
0.2727272727272727 0.09090909090909091 0.15151515151515152 0.030303030303030304 0.45454545454545453 
0.52 0.2 0.04 0.2 0.04 
0.15151515151515152 0.030303030303030304 0.09090909090909091 0.696969696969697 0.030303030303030304 
0.018867924528301886 0.4339622641509434 0.24528301886792453 0.2830188679245283 0.018867924528301886 
0.14285714285714285 0.14285714285714285 0.14285714285714285 0.14285714285714285 0.42857142857142855 
0.1111111111111111 0.4074074074074074 0.1111111111111111 0.25925925925925924 0.1111111111111111 
0.12 0.76 0.04 0.04 0.04 
0.36 0.12 0.12 0.04 0.36 
0.04 0.04 0.28 0.04 0.6 
0.2 0.2727272727272727 0.2 0.3090909090909091 0.01818181818181818 
0.06382978723404255 0.3191489361702128 0.02127659574468085 0.5319148936170213 0.06382978723404255 
0.23076923076923078 0.07692307692307693 0.07692307692307693 0.23076923076923078 0.38461538461538464 
0.14285714285714285 0.14285714285714285 0.14285714285714285 0.42857142857142855 0.14285714285714285 
0.06976744186046512 0.06976744186046512 0.023255813953488372 0.11627906976744186 0.7209302325581395 
0.23809523809523808 0.047619047619047616 0.3333333333333333 0.3333333333333333 0.047619047619047616 
0.2631578947368421 0.05263157894736842 0.15789473684210525 0.47368421052631576 0.05263157894736842 
0.047619047619047616 0.047619047619047616 0.047619047619047616 0.7142857142857143 0.14285714285714285 
0.6774193548387096 0.03225806451612903 0.0967741935483871 0.0967741935483871 0.0967741935483871 
0.296969696969697 0.12727272727272726 0.01818181818181818 0.2 0.3575757575757576 
0.2112676056338028 0.23943661971830985 0.23943661971830985 0.29577464788732394 0.014084507042253521 
0.04 0.12 0.44 0.2 0.2 
0.09090909090909091 0.2727272727272727 0.2727272727272727 0.2727272727272727 0.09090909090909091 
0.12 0.12 0.28 0.44 0.04 
0.3333333333333333 0.2 0.06666666666666667 0.3333333333333333 0.06666666666666667 
0.08108108108108109 0.08108108108108109 0.35135135135135137 0.4594594594594595 0.02702702702702703 
0.1111111111111111 0.1111111111111111 0.1111111111111111 0.3333333333333333 0.3333333333333333 
0.7931034482758621 0.10344827586206896 0.034482758620689655 0.034482758620689655 0.034482758620689655 
0.42857142857142855 0.14285714285714285 0.14285714285714285 0.14285714285714285 0.14285714285714285 
0.030303030303030304 0.3333333333333333 0.030303030303030304 0.09090909090909091 0.5151515151515151 
0.034482758620689655 0.034482758620689655 0.7931034482758621 0.034482758620689655 0.10344827586206896 
0.2 0.2 0.06666666666666667 0.06666666666666667 0.4666666666666667 
0.1724137931034483 0.1724137931034483 0.4482758620689655 0.10344827586206896 0.10344827586206896 
0.02564102564102564 0.48717948717948717 0.23076923076923078 0.23076923076923078 0.02564102564102564 
0.660377358490566 0.2830188679245283 0.018867924528301886 0.018867924528301886 0.018867924528301886 
0.3953488372093023 0.4883720930232558 0.023255813953488372 0.023255813953488372 0.06976744186046512 
0.2 0.2 0.3333333333333333 0.2 0.06666666666666667 
0.13513513513513514 0.1891891891891892 0.40540540540540543 0.24324324324324326 0.02702702702702703 
0.3333333333333333 0.4074074074074074 0.037037037037037035 0.1111111111111111 0.1111111111111111 
0.24324324324324326 0.13513513513513514 0.08108108108108109 0.1891891891891892 0.35135135135135137 
0.3333333333333333 0.3333333333333333 0.06666666666666667 0.06666666666666667 0.2 
0.2537313432835821 0.31343283582089554 0.31343283582089554 0.04477611940298507 0.07462686567164178 
0.14285714285714285 0.14285714285714285 0.42857142857142855 0.14285714285714285 0.14285714285714285 
0.08571428571428572 0.02857142857142857 0.02857142857142857 0.4857142857142857 0.37142857142857144 
0.02857142857142857 0.02857142857142857 0.7714285714285715 0.02857142857142857 0.14285714285714285 
0.037037037037037035 0.18518518518518517 0.3333333333333333 0.3333333333333333 0.1111111111111111 
0.3333333333333333 0.1111111111111111 0.1111111111111111 0.1111111111111111 0.3333333333333333 
0.06666666666666667 0.3333333333333333 0.022222222222222223 0.2 0.37777777777777777 
0.06666666666666667 0.2 0.4666666666666667 0.06666666666666667 0.2 
0.14285714285714285 0.08571428571428572 0.3142857142857143 0.2 0.2571428571428571 
0.034482758620689655 0.4482758620689655 0.034482758620689655 0.3103448275862069 0.1724137931034483 
0.07692307692307693 0.07692307692307693 0.38461538461538464 0.07692307692307693 0.38461538461538464 
0.02564102564102564 0.5897435897435898 0.02564102564102564 0.23076923076923078 0.1282051282051282 
0.2727272727272727 0.09090909090909091 0.09090909090909091 0.2727272727272727 0.2727272727272727 
0.2 0.6 0.04 0.12 0.04 
0.030303030303030304 0.09090909090909091 0.6363636363636364 0.09090909090909091 0.15151515151515152 
0.030303030303030304 0.8787878787878788 0.030303030303030304 0.030303030303030304 0.030303030303030304 
0.3023255813953488 0.023255813953488372 0.023255813953488372 0.11627906976744186 0.5348837209302325 
0.15151515151515152 0.21212121212121213 0.45454545454545453 0.030303030303030304 0.15151515151515152 
0.034482758620689655 0.034482758620689655 0.5172413793103449 0.2413793103448276 0.1724137931034483 
0.014492753623188406 0.043478260869565216 0.3333333333333333 0.043478260869565216 0.5652173913043478 
0.1891891891891892 0.02702702702702703 0.08108108108108109 0.2972972972972973 0.40540540540540543 
0.06666666666666667 0.4222222222222222 0.022222222222222223 0.4666666666666667 0.022222222222222223 
0.6923076923076923 0.07692307692307693 0.07692307692307693 0.07692307692307693 0.07692307692307693 
0.3142857142857143 0.5428571428571428 0.02857142857142857 0.02857142857142857 0.08571428571428572 
0.02127659574468085 0.3191489361702128 0.10638297872340426 0.23404255319148937 0.3191489361702128 
0.4782608695652174 0.13043478260869565 0.30434782608695654 0.043478260869565216 0.043478260869565216 
0.2 0.5555555555555556 0.06666666666666667 0.06666666666666667 0.1111111111111111 
0.2571428571428571 0.2 0.2 0.2571428571428571 0.08571428571428572 
0.5294117647058824 0.058823529411764705 0.17647058823529413 0.17647058823529413 0.058823529411764705 
0.07692307692307693 0.38461538461538464 0.07692307692307693 0.07692307692307693 0.38461538461538464 
0.14285714285714285 0.14285714285714285 0.42857142857142855 0.14285714285714285 0.14285714285714285 
0.47368421052631576 0.15789473684210525 0.05263157894736842 0.05263157894736842 0.2631578947368421 
0.02857142857142857 0.42857142857142855 0.4857142857142857 0.02857142857142857 0.02857142857142857 
0.058823529411764705 0.29411764705882354 0.5294117647058824 0.058823529411764705 0.058823529411764705 
0.39622641509433965 0.018867924528301886 0.2830188679245283 0.24528301886792453 0.05660377358490566 
0.3968253968253968 0.015873015873015872 0.047619047619047616 0.07936507936507936 0.4603174603174603 
0.52 0.04 0.36 0.04 0.04 
0.42528735632183906 0.19540229885057472 0.21839080459770116 0.10344827586206896 0.05747126436781609 
0.3333333333333333 0.1111111111111111 0.3333333333333333 0.1111111111111111 0.1111111111111111 
0.07692307692307693 0.07692307692307693 0.6923076923076923 0.07692307692307693 0.07692307692307693 
0.05454545454545454 0.3090909090909091 0.16363636363636364 0.12727272727272726 0.34545454545454546 
0.15151515151515152 0.030303030303030304 0.15151515151515152 0.030303030303030304 0.6363636363636364 
0.09473684210526316 0.010526315789473684 0.2 0.6631578947368421 0.031578947368421054 
0.14285714285714285 0.14285714285714285 0.14285714285714285 0.42857142857142855 0.14285714285714285 
0.13043478260869565 0.043478260869565216 0.21739130434782608 0.043478260869565216 0.5652173913043478 
0.14285714285714285 0.14285714285714285 0.14285714285714285 0.42857142857142855 0.14285714285714285 
0.5757575757575758 0.09090909090909091 0.09090909090909091 0.030303030303030304 0.21212121212121213 
0.7777777777777778 0.037037037037037035 0.037037037037037035 0.1111111111111111 0.037037037037037035 
0.043478260869565216 0.043478260869565216 0.6521739130434783 0.043478260869565216 0.21739130434782608 
0.09090909090909091 0.2727272727272727 0.09090909090909091 0.09090909090909091 0.45454545454545453 
0.13043478260869565 0.21739130434782608 0.391304347826087 0.13043478260869565 0.13043478260869565 
0.4782608695652174 0.043478260869565216 0.13043478260869565 0.043478260869565216 0.30434782608695654 
0.02857142857142857 0.37142857142857144 0.02857142857142857 0.3142857142857143 0.2571428571428571 
0.47368421052631576 0.05263157894736842 0.05263157894736842 0.2631578947368421 0.15789473684210525 
0.2972972972972973 0.35135135135135137 0.02702702702702703 0.2972972972972973 0.02702702702702703 
0.47368421052631576 0.05263157894736842 0.2631578947368421 0.05263157894736842 0.15789473684210525 
0.2727272727272727 0.09090909090909091 0.21212121212121213 0.030303030303030304 0.3939393939393939 
0.3191489361702128 0.06382978723404255 0.02127659574468085 0.44680851063829785 0.14893617021276595 
0.08108108108108109 0.08108108108108109 0.7297297297297297 0.02702702702702703 0.08108108108108109 
0.23404255319148937 0.2765957446808511 0.2765957446808511 0.02127659574468085 0.19148936170212766 
0.04 0.12 0.6 0.2 0.04 
0.23595505617977527 0.21348314606741572 0.19101123595505617 0.25842696629213485 0.10112359550561797 
0.06666666666666667 0.2 0.37777777777777777 0.022222222222222223 0.3333333333333333 
0.1111111111111111 0.1111111111111111 0.1111111111111111 0.1111111111111111 0.5555555555555556 
0.037037037037037035 0.18518518518518517 0.7037037037037037 0.037037037037037035 0.037037037037037035 
0.21649484536082475 0.29896907216494845 0.07216494845360824 0.23711340206185566 0.17525773195876287 
0.17073170731707318 0.12195121951219512 0.3170731707317073 0.2682926829268293 0.12195121951219512 
0.1794871794871795 0.02564102564102564 0.48717948717948717 0.02564102564102564 0.28205128205128205 
0.14285714285714285 0.42857142857142855 0.14285714285714285 0.14285714285714285 0.14285714285714285 
0.1111111111111111 0.1111111111111111 0.3333333333333333 0.3333333333333333 0.1111111111111111 
0.2558139534883721 0.3023255813953488 0.20930232558139536 0.023255813953488372 0.20930232558139536 
0.6326530612244898 0.14285714285714285 0.14285714285714285 0.02040816326530612 0.061224489795918366 
0.10344827586206896 0.1724137931034483 0.3793103448275862 0.2413793103448276 0.10344827586206896 
0.15151515151515152 0.09090909090909091 0.21212121212121213 0.030303030303030304 0.5151515151515151 
0.14893617021276595 0.14893617021276595 0.02127659574468085 0.6595744680851063 0.02127659574468085 
0.06666666666666667 0.6 0.06666666666666667 0.06666666666666667 0.2 
0.1724137931034483 0.2413793103448276 0.034482758620689655 0.3793103448275862 0.1724137931034483 
0.02702702702702703 0.08108108108108109 0.6756756756756757 0.08108108108108109 0.13513513513513514 
0.07692307692307693 0.07692307692307693 0.6923076923076923 0.07692307692307693 0.07692307692307693 
0.16363636363636364 0.01818181818181818 0.7454545454545455 0.05454545454545454 0.01818181818181818 
0.23076923076923078 0.23076923076923078 0.07692307692307693 0.23076923076923078 0.23076923076923078 
0.034482758620689655 0.7241379310344828 0.10344827586206896 0.10344827586206896 0.034482758620689655 
0.4117647058823529 0.37254901960784315 0.17647058823529413 0.0196078431372549 0.0196078431372549 
0.2653061224489796 0.1836734693877551 0.3469387755102041 0.061224489795918366 0.14285714285714285 
0.4782608695652174 0.13043478260869565 0.043478260869565216 0.13043478260869565 0.21739130434782608 
0.09090909090909091 0.2727272727272727 0.09090909090909091 0.2727272727272727 0.2727272727272727 
0.3953488372093023 0.023255813953488372 0.2558139534883721 0.2558139534883721 0.06976744186046512 
0.4074074074074074 0.4074074074074074 0.037037037037037035 0.1111111111111111 0.037037037037037035 
0.14285714285714285 0.14285714285714285 0.42857142857142855 0.14285714285714285 0.14285714285714285 
0.037037037037037035 0.8518518518518519 0.037037037037037035 0.037037037037037035 0.037037037037037035 
0.13043478260869565 0.13043478260869565 0.30434782608695654 0.391304347826087 0.043478260869565216 
0.037037037037037035 0.6296296296296297 0.1111111111111111 0.18518518518518517 0.037037037037037035 
0.04 0.04 0.28 0.44 0.2 
0.45454545454545453 0.2727272727272727 0.09090909090909091 0.09090909090909091 0.09090909090909091 
0.13043478260869565 0.043478260869565216 0.6521739130434783 0.043478260869565216 0.13043478260869565 
0.13432835820895522 0.1044776119402985 0.22388059701492538 0.40298507462686567 0.13432835820895522 
0.04 0.12 0.44 0.04 0.36 
0.48148148148148145 0.1111111111111111 0.3333333333333333 0.037037037037037035 0.037037037037037035 
0.36585365853658536 0.024390243902439025 0.07317073170731707 0.4634146341463415 0.07317073170731707 
0.5409836065573771 0.2459016393442623 0.04918032786885246 0.14754098360655737 0.01639344262295082 
0.11864406779661017 0.2542372881355932 0.288135593220339 0.22033898305084745 0.11864406779661017 
0.058823529411764705 0.058823529411764705 0.29411764705882354 0.058823529411764705 0.5294117647058824 
0.12 0.2 0.44 0.04 0.2 
0.43859649122807015 0.08771929824561403 0.40350877192982454 0.05263157894736842 0.017543859649122806 
0.02857142857142857 0.08571428571428572 0.2 0.4857142857142857 0.2 
0.030303030303030304 0.09090909090909091 0.5151515151515151 0.2727272727272727 0.09090909090909091 
0.3333333333333333 0.06666666666666667 0.06666666666666667 0.06666666666666667 0.4666666666666667 
0.14285714285714285 0.5428571428571428 0.14285714285714285 0.14285714285714285 0.02857142857142857 
0.14285714285714285 0.2653061224489796 0.2653061224489796 0.1836734693877551 0.14285714285714285 
0.14285714285714285 0.14285714285714285 0.14285714285714285 0.42857142857142855 0.14285714285714285 
0.21739130434782608 0.30434782608695654 0.391304347826087 0.043478260869565216 0.043478260869565216 
0.03225806451612903 0.6129032258064516 0.22580645161290322 0.03225806451612903 0.0967741935483871 
0.42857142857142855 0.14285714285714285 0.14285714285714285 0.14285714285714285 0.14285714285714285 
0.13043478260869565 0.043478260869565216 0.043478260869565216 0.5652173913043478 0.21739130434782608 
0.23076923076923078 0.07692307692307693 0.23076923076923078 0.07692307692307693 0.38461538461538464 
0.3684210526315789 0.15789473684210525 0.05263157894736842 0.05263157894736842 0.3684210526315789 
0.14285714285714285 0.42857142857142855 0.14285714285714285 0.14285714285714285 0.14285714285714285 
0.058823529411764705 0.09803921568627451 0.37254901960784315 0.2549019607843137 0.21568627450980393 
0.2 0.36 0.04 0.28 0.12 
0.42857142857142855 0.14285714285714285 0.14285714285714285 0.14285714285714285 0.14285714285714285 
0.01694915254237288 0.0847457627118644 0.01694915254237288 0.4915254237288136 0.3898305084745763 
0.17333333333333334 0.3333333333333333 0.04 0.12 0.3333333333333333 
0.06666666666666667 0.06666666666666667 0.06666666666666667 0.7333333333333333 0.06666666666666667 
0.12 0.04 0.36 0.2 0.28 
0.043478260869565216 0.043478260869565216 0.8260869565217391 0.043478260869565216 0.043478260869565216 
0.18032786885245902 0.04918032786885246 0.14754098360655737 0.47540983606557374 0.14754098360655737 
0.03225806451612903 0.16129032258064516 0.41935483870967744 0.3548387096774194 0.03225806451612903 
0.03225806451612903 0.41935483870967744 0.3548387096774194 0.0967741935483871 0.0967741935483871 
0.6 0.06666666666666667 0.2 0.06666666666666667 0.06666666666666667 
0.14285714285714285 0.5238095238095238 0.23809523809523808 0.047619047619047616 0.047619047619047616 
0.4153846153846154 0.23076923076923078 0.1076923076923077 0.015384615384615385 0.23076923076923078 
0.04 0.2 0.2 0.04 0.52 
0.01818181818181818 0.2 0.34545454545454546 0.01818181818181818 0.41818181818181815 
0.21739130434782608 0.21739130434782608 0.30434782608695654 0.13043478260869565 0.13043478260869565 
0.3333333333333333 0.09090909090909091 0.030303030303030304 0.5151515151515151 0.030303030303030304 
0.2 0.04 0.2 0.04 0.52 
0.1111111111111111 0.1111111111111111 0.1111111111111111 0.1111111111111111 0.5555555555555556 
0.06666666666666667 0.25333333333333335 0.09333333333333334 0.25333333333333335 0.3333333333333333 
0.05263157894736842 0.6842105263157895 0.05263157894736842 0.15789473684210525 0.05263157894736842 
0.058823529411764705 0.17647058823529413 0.17647058823529413 0.5294117647058824 0.058823529411764705 
0.03225806451612903 0.5483870967741935 0.03225806451612903 0.0967741935483871 0.2903225806451613 
0.06976744186046512 0.2558139534883721 0.06976744186046512 0.16279069767441862 0.4418604651162791 
0.04 0.04 0.6 0.04 0.28 
0.09090909090909091 0.030303030303030304 0.15151515151515152 0.2727272727272727 0.45454545454545453 
0.05263157894736842 0.6842105263157895 0.05263157894736842 0.05263157894736842 0.15789473684210525 
0.1746031746031746 0.20634920634920634 0.23809523809523808 0.23809523809523808 0.14285714285714285 
0.18518518518518517 0.25925925925925924 0.037037037037037035 0.037037037037037035 0.48148148148148145 
0.23809523809523808 0.14285714285714285 0.047619047619047616 0.5238095238095238 0.047619047619047616 
0.7101449275362319 0.15942028985507245 0.014492753623188406 0.10144927536231885 0.014492753623188406 
0.6 0.2571428571428571 0.08571428571428572 0.02857142857142857 0.02857142857142857 
0.14285714285714285 0.08571428571428572 0.02857142857142857 0.37142857142857144 0.37142857142857144 
0.1111111111111111 0.5555555555555556 0.18518518518518517 0.037037037037037035 0.1111111111111111 
0.2 0.08571428571428572 0.5428571428571428 0.14285714285714285 0.02857142857142857 
0.09090909090909091 0.2727272727272727 0.09090909090909091 0.09090909090909091 0.45454545454545453 
0.05263157894736842 0.05263157894736842 0.6842105263157895 0.15789473684210525 0.05263157894736842 
0.14285714285714285 0.14285714285714285 0.14285714285714285 0.42857142857142855 0.14285714285714285 
0.3469387755102041 0.02040816326530612 0.22448979591836735 0.22448979591836735 0.1836734693877551 
0.17647058823529413 0.058823529411764705 0.058823529411764705 0.6470588235294118 0.058823529411764705 
0.08571428571428572 0.2571428571428571 0.02857142857142857 0.02857142857142857 0.6 
0.7014925373134329 0.1044776119402985 0.16417910447761194 0.014925373134328358 0.014925373134328358 
0.42857142857142855 0.14285714285714285 0.14285714285714285 0.14285714285714285 0.14285714285714285 
0.17647058823529413 0.5294117647058824 0.058823529411764705 0.17647058823529413 0.058823529411764705 
0.45794392523364486 0.2336448598130841 0.19626168224299065 0.06542056074766354 0.04672897196261682 
0.25274725274725274 0.18681318681318682 0.054945054945054944 0.42857142857142855 0.07692307692307693 
0.07692307692307693 0.1794871794871795 0.02564102564102564 0.6923076923076923 0.02564102564102564 
0.29411764705882354 0.4117647058823529 0.17647058823529413 0.058823529411764705 0.058823529411764705 
