0.52 0.36 0.12 
0.6744186046511628 0.3023255813953488 0.023255813953488372 
0.3333333333333333 0.23809523809523808 0.42857142857142855 
0.3548387096774194 0.22580645161290322 0.41935483870967744 
0.8518518518518519 0.1111111111111111 0.037037037037037035 
0.37777777777777777 0.06666666666666667 0.5555555555555556 
0.41935483870967744 0.22580645161290322 0.3548387096774194 
0.4838709677419355 0.4838709677419355 0.03225806451612903 
0.5428571428571428 0.02857142857142857 0.42857142857142855 
0.037037037037037035 0.25925925925925924 0.7037037037037037 
0.569620253164557 0.3670886075949367 0.06329113924050633 
0.4117647058823529 0.058823529411764705 0.5294117647058824 
0.5555555555555556 0.3333333333333333 0.1111111111111111 
0.14285714285714285 0.42857142857142855 0.42857142857142855 
0.15789473684210525 0.05263157894736842 0.7894736842105263 
0.45454545454545453 0.030303030303030304 0.5151515151515151 
0.40298507462686567 0.4626865671641791 0.13432835820895522 
0.4482758620689655 0.26436781609195403 0.28735632183908044 
0.3488372093023256 0.3953488372093023 0.2558139534883721 
0.21739130434782608 0.30434782608695654 0.4782608695652174 
0.3333333333333333 0.18518518518518517 0.48148148148148145 
0.28 0.12 0.6 
0.4074074074074074 0.48148148148148145 0.1111111111111111 
0.4666666666666667 0.4666666666666667 0.06666666666666667 
0.30434782608695654 0.4782608695652174 0.21739130434782608 
0.38461538461538464 0.1282051282051282 0.48717948717948717 
0.30434782608695654 0.4782608695652174 0.21739130434782608 
0.6923076923076923 0.07692307692307693 0.23076923076923078 
0.5789473684210527 0.05263157894736842 0.3684210526315789 
0.034482758620689655 0.1724137931034483 0.7931034482758621 
0.2 0.08571428571428572 0.7142857142857143 
0.2727272727272727 0.09090909090909091 0.6363636363636364 
0.5813953488372093 0.2558139534883721 0.16279069767441862 
0.40540540540540543 0.40540540540540543 0.1891891891891892 
0.6 0.2 0.2 
0.31343283582089554 0.2537313432835821 0.43283582089552236 
0.391304347826087 0.21739130434782608 0.391304347826087 
0.2727272727272727 0.2727272727272727 0.45454545454545453 
0.8620689655172413 0.034482758620689655 0.10344827586206896 
0.5402298850574713 0.14942528735632185 0.3103448275862069 
0.15555555555555556 0.8222222222222222 0.022222222222222223 
0.2682926829268293 0.024390243902439025 0.7073170731707317 
0.09090909090909091 0.8181818181818182 0.09090909090909091 
0.84 0.12 0.04 
0.30434782608695654 0.043478260869565216 0.6521739130434783 
0.7142857142857143 0.047619047619047616 0.23809523809523808 
0.47368421052631576 0.2631578947368421 0.2631578947368421 
0.2727272727272727 0.45454545454545453 0.2727272727272727 
0.2727272727272727 0.5151515151515151 0.21212121212121213 
0.23076923076923078 0.6410256410256411 0.1282051282051282 
